{
  "advancedEditorSelectedIdentifier" : "ProjectBrowser",
  "openSceneRelativePaths" : [
    "Immersive.usda",
    "Pitch.usda"
  ],
  "recentIdentifiers" : {
    "1D572CEB-057A-41C3-B575-04C37501A3C0" : [

    ],
    "51B6D43F-9124-44C0-8A57-2881DAA8CB4C" : [

    ],
    "BCA61C76-87EF-4F19-AE68-4D3512D7E298" : [

    ],
    "D66134B1-3681-4A8E-AFE5-29F257229F3B" : [

    ],
    "FB587443-6A53-45E7-9D66-CA643BAB1717" : [

    ]
  },
  "sceneCameraHistory" : {
    "1D572CEB-057A-41C3-B575-04C37501A3C0" : [
      {
        "date" : 721263094.038932,
        "title" : "Untitled",
        "transform" : [
          0.99999994,
          0,
          -0,
          0,
          -0,
          0.86787075,
          -0.49678993,
          0,
          0,
          0.49678993,
          0.86787075,
          0,
          -0.0026143785,
          3.9003038,
          4.3904824,
          1
        ]
      }
    ],
    "51B6D43F-9124-44C0-8A57-2881DAA8CB4C" : [
      {
        "date" : 721331283.271585,
        "title" : "Untitled",
        "transform" : [
          1,
          0,
          -0,
          0,
          -0,
          0.8660254,
          -0.5,
          0,
          0,
          0.5,
          0.8660254,
          0,
          -0.0018692017,
          0.8061402,
          1.3649802,
          1
        ]
      },
      {
        "date" : 721331226.903885,
        "title" : "Untitled",
        "transform" : [
          1,
          0,
          -0,
          0,
          -0,
          0.8660254,
          -0.5,
          0,
          0,
          0.5,
          0.8660254,
          0,
          0,
          0.19749238,
          0.34206682,
          1
        ]
      }
    ],
    "BCA61C76-87EF-4F19-AE68-4D3512D7E298" : [
      {
        "date" : 721264414.880783,
        "title" : "Untitled",
        "transform" : [
          0.98509836,
          0,
          0.17199211,
          0,
          0.08599606,
          0.8660254,
          -0.49254918,
          0,
          -0.14894952,
          0.5,
          0.85312015,
          0,
          -0.08660871,
          0.243509,
          0.4960582,
          1
        ]
      },
      {
        "date" : 721264411.467431,
        "title" : "Untitled",
        "transform" : [
          1,
          0,
          -0,
          0,
          -0,
          0.8660254,
          -0.5,
          0,
          0,
          0.5,
          0.8660254,
          0,
          0,
          0.11591914,
          0.23971388,
          1
        ]
      },
      {
        "date" : 721264381.582094,
        "title" : "Untitled",
        "transform" : [
          1,
          0,
          -0,
          0,
          -0,
          0.8660254,
          -0.5,
          0,
          0,
          0.5,
          0.8660254,
          0,
          0,
          0.05795957,
          0.11985694,
          1
        ]
      },
      {
        "date" : 721264371.220965,
        "title" : "Untitled",
        "transform" : [
          1,
          0,
          -0,
          0,
          -0,
          0.8660254,
          -0.5,
          0,
          0,
          0.5,
          0.8660254,
          0,
          0,
          0.19749238,
          0.34206682,
          1
        ]
      }
    ],
    "D66134B1-3681-4A8E-AFE5-29F257229F3B" : [
      {
        "date" : 721323755.824218,
        "title" : "Untitled",
        "transform" : [
          0.99999624,
          1.0132838e-11,
          -0.0027313195,
          0,
          -0.0019313343,
          0.7071069,
          -0.7071041,
          0,
          0.0019313347,
          0.7071067,
          0.70710427,
          0,
          0.00046210224,
          0.78506947,
          0.76530886,
          1
        ]
      },
      {
        "date" : 721323750.857625,
        "title" : "Untitled",
        "transform" : [
          0.99999624,
          1.0132838e-11,
          -0.0027313195,
          0,
          -0.0019313343,
          0.7071069,
          -0.7071041,
          0,
          0.0019313347,
          0.7071067,
          0.70710427,
          0,
          0.004624958,
          7.8506894,
          7.653082,
          1
        ]
      },
      {
        "date" : 721323744.231824,
        "title" : "Untitled",
        "transform" : [
          0.99999624,
          1.0132838e-11,
          -0.0027313195,
          0,
          -0.0019313343,
          0.7071069,
          -0.7071041,
          0,
          0.0019313347,
          0.7071067,
          0.70710427,
          0,
          0.0046240576,
          7.8506927,
          7.653084,
          1
        ]
      },
      {
        "date" : 721323531.689299,
        "title" : "Untitled",
        "transform" : [
          0.99999624,
          1.0132838e-11,
          -0.0027313195,
          0,
          -0.0019313343,
          0.7071069,
          -0.7071041,
          0,
          0.0019313347,
          0.7071067,
          0.70710427,
          0,
          0.046244055,
          78.5069,
          76.53082,
          1
        ]
      },
      {
        "date" : 721323037.302924,
        "title" : "Untitled",
        "transform" : [
          0.99999624,
          1.0132838e-11,
          -0.0027313195,
          0,
          -0.0019313343,
          0.7071069,
          -0.7071041,
          0,
          0.0019313347,
          0.7071067,
          0.70710427,
          0,
          0.0009250073,
          1.570138,
          1.5306164,
          1
        ]
      },
      {
        "date" : 721323027.378085,
        "title" : "Untitled",
        "transform" : [
          0.99999624,
          0,
          -0.0027313197,
          0,
          -0.0019313345,
          0.7071069,
          -0.707104,
          0,
          0.001931335,
          0.7071067,
          0.7071042,
          0,
          -0.0041858144,
          0.14111969,
          0.26662564,
          1
        ]
      },
      {
        "date" : 721322808.744681,
        "title" : "Untitled",
        "transform" : [
          1,
          0,
          -0,
          0,
          -0,
          0.7071069,
          -0.7071067,
          0,
          0,
          0.7071067,
          0.7071069,
          0,
          -0.00026144748,
          0.15708713,
          0.1529897,
          1
        ]
      },
      {
        "date" : 721322803.502385,
        "title" : "Untitled",
        "transform" : [
          1,
          0,
          -0,
          0,
          -0,
          0.7071069,
          -0.7071067,
          0,
          0,
          0.7071067,
          0.7071069,
          0,
          -2.6143086e-06,
          0.0015708716,
          0.001529897,
          1
        ]
      },
      {
        "date" : 721322801.314423,
        "title" : "Untitled",
        "transform" : [
          1,
          0,
          -0,
          0,
          -0,
          0.7071069,
          -0.7071067,
          0,
          0,
          0.7071067,
          0.7071069,
          0,
          -2.6143086e-06,
          0.0015708716,
          0.0015298969,
          1
        ]
      },
      {
        "date" : 721322796.598914,
        "title" : "Untitled",
        "transform" : [
          1,
          0,
          -0,
          0,
          -0,
          0.7071069,
          -0.7071067,
          0,
          0,
          0.7071067,
          0.7071069,
          0,
          -2.6412308e-06,
          0.00157094,
          0.0015296936,
          1
        ]
      }
    ],
    "FA94D395-773C-4B99-9D9C-9D2E708C7F7C" : [
      {
        "date" : 721264355.529017,
        "title" : "Untitled",
        "transform" : [
          1,
          0,
          -0,
          0,
          -0,
          0.8660254,
          -0.5,
          0,
          0,
          0.5,
          0.8660254,
          0,
          0,
          0.19749238,
          0.34206682,
          1
        ]
      }
    ],
    "FB587443-6A53-45E7-9D66-CA643BAB1717" : [
      {
        "date" : 721493327.930025,
        "title" : "Untitled",
        "transform" : [
          0.9999119,
          0,
          0.013274756,
          0,
          0.006637378,
          0.8660254,
          -0.49995595,
          0,
          -0.011496276,
          0.5,
          0.8659491,
          0,
          -0.008112553,
          0.34558785,
          0.61107177,
          1
        ]
      },
      {
        "date" : 721493294.76443,
        "title" : "Untitled",
        "transform" : [
          0.9999119,
          0,
          0.013274756,
          0,
          0.006637378,
          0.8660254,
          -0.49995595,
          0,
          -0.011496276,
          0.5,
          0.8659491,
          0,
          -0.007050485,
          0.29939604,
          0.53107226,
          1
        ]
      },
      {
        "date" : 721493271.773713,
        "title" : "Untitled",
        "transform" : [
          0.9999119,
          0,
          0.013274756,
          0,
          0.006637378,
          0.8660254,
          -0.49995595,
          0,
          -0.011496276,
          0.5,
          0.8659491,
          0,
          -0.008956477,
          0.32626623,
          0.67463964,
          1
        ]
      },
      {
        "date" : 721493261.678175,
        "title" : "Untitled",
        "transform" : [
          1,
          0,
          0,
          0,
          0,
          0.8660254,
          -0.5,
          0,
          0,
          0.5,
          0.8660254,
          0,
          -1.7106618e-08,
          0.4990344,
          1.0319734,
          1
        ]
      },
      {
        "date" : 721493234.272749,
        "title" : "Untitled",
        "transform" : [
          1,
          0,
          0,
          0,
          0,
          0.8660254,
          -0.5,
          0,
          0,
          0.5,
          0.8660254,
          0,
          -5.1516455e-08,
          1.5028384,
          3.1077805,
          1
        ]
      },
      {
        "date" : 721493230.472998,
        "title" : "Untitled",
        "transform" : [
          1,
          0,
          -0,
          0,
          -0,
          0.8660254,
          -0.5,
          0,
          0,
          0.5,
          0.8660254,
          0,
          -5.9604645e-08,
          1.738787,
          3.5957084,
          1
        ]
      },
      {
        "date" : 721493173.151596,
        "title" : "Untitled",
        "transform" : [
          1,
          0,
          0,
          0,
          0,
          0.8660254,
          -0.5,
          0,
          0,
          0.5,
          0.8660254,
          0,
          -0.044259846,
          0.39390233,
          0.84778357,
          1
        ]
      },
      {
        "date" : 721424163.18301,
        "title" : "Untitled",
        "transform" : [
          1,
          0,
          -0,
          0,
          -0,
          0.8660254,
          -0.5,
          0,
          0,
          0.5,
          0.8660254,
          0,
          -0.0010980368,
          0.47353688,
          0.80180657,
          1
        ]
      },
      {
        "date" : 721331430.06956,
        "title" : "Untitled",
        "transform" : [
          1,
          0,
          -0,
          0,
          -0,
          0.8660254,
          -0.5,
          0,
          0,
          0.5,
          0.8660254,
          0,
          0,
          0.19749215,
          0.34206644,
          1
        ]
      }
    ]
  },
  "selectedSceneRelativePath" : "Pitch.usda"
}