{
  "advancedEditorSelectedIdentifier" : "ProjectBrowser",
  "openSceneRelativePaths" : [
    "Pitch.usda",
    "Ball.usda",
    "Particle.usda"
  ],
  "recentIdentifiers" : {
    "1D572CEB-057A-41C3-B575-04C37501A3C0" : [

    ],
    "51B6D43F-9124-44C0-8A57-2881DAA8CB4C" : [

    ],
    "BCA61C76-87EF-4F19-AE68-4D3512D7E298" : [

    ],
    "D66134B1-3681-4A8E-AFE5-29F257229F3B" : [

    ],
    "FB587443-6A53-45E7-9D66-CA643BAB1717" : [

    ]
  },
  "sceneCameraHistory" : {
    "0F8471C8-C998-4072-A18B-868B7AE48F05" : [
      {
        "date" : 721868880.256962,
        "title" : "Untitled",
        "transform" : [
          1,
          0,
          -0,
          0,
          -0,
          0.8660254,
          -0.5,
          0,
          0,
          0.5,
          0.8660254,
          0,
          0,
          0.08271548,
          0.12638119,
          1
        ]
      },
      {
        "date" : 721868854.912348,
        "title" : "Untitled",
        "transform" : [
          1,
          0,
          -0,
          0,
          -0,
          0.8660254,
          -0.5,
          0,
          0,
          0.5,
          0.8660254,
          0,
          0,
          0.21300294,
          0.36893198,
          1
        ]
      }
    ],
    "1D572CEB-057A-41C3-B575-04C37501A3C0" : [
      {
        "date" : 721704051.989971,
        "title" : "Untitled",
        "transform" : [
          0.99999994,
          0,
          -0,
          0,
          -0,
          0.86787075,
          -0.49678993,
          0,
          0,
          0.49678993,
          0.86787075,
          0,
          -3.5739504e-07,
          11.472961,
          24.01566,
          1
        ]
      },
      {
        "date" : 721263094.038932,
        "title" : "Untitled",
        "transform" : [
          0.99999994,
          0,
          -0,
          0,
          -0,
          0.86787075,
          -0.49678993,
          0,
          0,
          0.49678993,
          0.86787075,
          0,
          -0.0026143785,
          3.9003038,
          4.3904824,
          1
        ]
      }
    ],
    "8B0E4F16-DF19-4826-9AFF-7E58D5135D0C" : [
      {
        "date" : 721770631.849325,
        "title" : "Untitled",
        "transform" : [
          0.9948562,
          7.516496e-09,
          0.10129694,
          0,
          0.05064845,
          0.8660255,
          -0.497428,
          0,
          -0.087725736,
          0.49999982,
          0.8615709,
          0,
          -0.20220613,
          1.0092906,
          2.0571232,
          1
        ]
      },
      {
        "date" : 721769797.449739,
        "title" : "Untitled",
        "transform" : [
          0.9985456,
          7.516496e-09,
          0.053913694,
          0,
          0.026956834,
          0.8660255,
          -0.49927264,
          0,
          -0.04669064,
          0.49999982,
          0.86476594,
          0,
          -0.019564513,
          0.18943602,
          0.38747323,
          1
        ]
      },
      {
        "date" : 721769794.051943,
        "title" : "Untitled",
        "transform" : [
          0.9985455,
          1.5045247e-08,
          0.0539137,
          0,
          0.026956838,
          0.8660253,
          -0.49927273,
          0,
          -0.04669064,
          0.49999997,
          0.8647658,
          0,
          -0.019686496,
          0.1892771,
          0.3863108,
          1
        ]
      },
      {
        "date" : 721769790.993683,
        "title" : "Untitled",
        "transform" : [
          0.9989151,
          1.3117418e-08,
          0.046568267,
          0,
          0.02328412,
          0.8660253,
          -0.4994575,
          0,
          -0.040329307,
          0.49999997,
          0.86508584,
          0,
          -0.016844776,
          0.18927708,
          0.38644513,
          1
        ]
      },
      {
        "date" : 721768161.004868,
        "title" : "Untitled",
        "transform" : [
          0.9989151,
          1.118959e-08,
          0.04656826,
          0,
          0.023284119,
          0.8660253,
          -0.4994575,
          0,
          -0.0403293,
          0.49999997,
          0.86508584,
          0,
          -0.016844789,
          0.18927713,
          0.3864451,
          1
        ]
      },
      {
        "date" : 721768155.724193,
        "title" : "Untitled",
        "transform" : [
          0.9989151,
          1.02256745e-08,
          0.046568256,
          0,
          0.023284117,
          0.8660253,
          -0.4994575,
          0,
          -0.040329296,
          0.49999997,
          0.86508584,
          0,
          -3.1086245e-15,
          4.440892e-14,
          9.2370556e-14,
          1
        ]
      },
      {
        "date" : 721768154.358104,
        "title" : "Untitled",
        "transform" : [
          0.9989151,
          9.26176e-09,
          0.046568252,
          0,
          0.023284117,
          0.8660253,
          -0.4994575,
          0,
          -0.040329292,
          0.49999997,
          0.86508584,
          0,
          5.5879354e-09,
          -1.4901161e-08,
          2.9802322e-08,
          1
        ]
      },
      {
        "date" : 721768146.475991,
        "title" : "Untitled",
        "transform" : [
          0.9989151,
          8.297846e-09,
          0.04656825,
          0,
          0.023284115,
          0.8660253,
          -0.4994575,
          0,
          -0.04032929,
          0.49999997,
          0.86508584,
          0,
          -0.016844764,
          0.1892771,
          0.38644513,
          1
        ]
      },
      {
        "date" : 721768142.328009,
        "title" : "Untitled",
        "transform" : [
          0.9989151,
          5.438694e-09,
          0.04656824,
          0,
          0.023284115,
          0.8660253,
          -0.4994575,
          0,
          -0.04032928,
          0.49999997,
          0.86508584,
          0,
          -0.01684475,
          0.18927693,
          0.38644552,
          1
        ]
      },
      {
        "date" : 721768066.191314,
        "title" : "Untitled",
        "transform" : [
          0.9989151,
          3.543457e-09,
          0.046568237,
          0,
          0.023284115,
          0.8660253,
          -0.4994575,
          0,
          -0.040329278,
          0.49999997,
          0.86508584,
          0,
          -0.16844763,
          1.892771,
          3.864451,
          1
        ]
      }
    ],
    "51B6D43F-9124-44C0-8A57-2881DAA8CB4C" : [
      {
        "date" : 721331283.271585,
        "title" : "Untitled",
        "transform" : [
          1,
          0,
          -0,
          0,
          -0,
          0.8660254,
          -0.5,
          0,
          0,
          0.5,
          0.8660254,
          0,
          -0.0018692017,
          0.8061402,
          1.3649802,
          1
        ]
      },
      {
        "date" : 721331226.903885,
        "title" : "Untitled",
        "transform" : [
          1,
          0,
          -0,
          0,
          -0,
          0.8660254,
          -0.5,
          0,
          0,
          0.5,
          0.8660254,
          0,
          0,
          0.19749238,
          0.34206682,
          1
        ]
      }
    ],
    "93DE85CB-7D0E-4780-A21D-39F9D2B7E169" : [
      {
        "date" : 721839846.663846,
        "title" : "Untitled",
        "transform" : [
          0.99999994,
          0,
          -0,
          0,
          -0,
          0.8660254,
          -0.49999988,
          0,
          0,
          0.49999988,
          0.8660254,
          0,
          0,
          0.22894202,
          0.39653927,
          1
        ]
      }
    ],
    "A9079634-E68B-42CA-B345-B5E5ADA06547" : [
      {
        "date" : 721770755.846918,
        "title" : "Untitled",
        "transform" : [
          0.99999994,
          0,
          -0,
          0,
          -0,
          0.8660254,
          -0.49999994,
          0,
          0,
          0.49999994,
          0.8660254,
          0,
          0,
          0.21307352,
          0.3690542,
          1
        ]
      }
    ],
    "BCA61C76-87EF-4F19-AE68-4D3512D7E298" : [
      {
        "date" : 721264414.880783,
        "title" : "Untitled",
        "transform" : [
          0.98509836,
          0,
          0.17199211,
          0,
          0.08599606,
          0.8660254,
          -0.49254918,
          0,
          -0.14894952,
          0.5,
          0.85312015,
          0,
          -0.08660871,
          0.243509,
          0.4960582,
          1
        ]
      },
      {
        "date" : 721264411.467431,
        "title" : "Untitled",
        "transform" : [
          1,
          0,
          -0,
          0,
          -0,
          0.8660254,
          -0.5,
          0,
          0,
          0.5,
          0.8660254,
          0,
          0,
          0.11591914,
          0.23971388,
          1
        ]
      },
      {
        "date" : 721264381.582094,
        "title" : "Untitled",
        "transform" : [
          1,
          0,
          -0,
          0,
          -0,
          0.8660254,
          -0.5,
          0,
          0,
          0.5,
          0.8660254,
          0,
          0,
          0.05795957,
          0.11985694,
          1
        ]
      },
      {
        "date" : 721264371.220965,
        "title" : "Untitled",
        "transform" : [
          1,
          0,
          -0,
          0,
          -0,
          0.8660254,
          -0.5,
          0,
          0,
          0.5,
          0.8660254,
          0,
          0,
          0.19749238,
          0.34206682,
          1
        ]
      }
    ],
    "D66134B1-3681-4A8E-AFE5-29F257229F3B" : [
      {
        "date" : 721323755.824218,
        "title" : "Untitled",
        "transform" : [
          0.99999624,
          1.0132838e-11,
          -0.0027313195,
          0,
          -0.0019313343,
          0.7071069,
          -0.7071041,
          0,
          0.0019313347,
          0.7071067,
          0.70710427,
          0,
          0.00046210224,
          0.78506947,
          0.76530886,
          1
        ]
      },
      {
        "date" : 721323750.857625,
        "title" : "Untitled",
        "transform" : [
          0.99999624,
          1.0132838e-11,
          -0.0027313195,
          0,
          -0.0019313343,
          0.7071069,
          -0.7071041,
          0,
          0.0019313347,
          0.7071067,
          0.70710427,
          0,
          0.004624958,
          7.8506894,
          7.653082,
          1
        ]
      },
      {
        "date" : 721323744.231824,
        "title" : "Untitled",
        "transform" : [
          0.99999624,
          1.0132838e-11,
          -0.0027313195,
          0,
          -0.0019313343,
          0.7071069,
          -0.7071041,
          0,
          0.0019313347,
          0.7071067,
          0.70710427,
          0,
          0.0046240576,
          7.8506927,
          7.653084,
          1
        ]
      },
      {
        "date" : 721323531.689299,
        "title" : "Untitled",
        "transform" : [
          0.99999624,
          1.0132838e-11,
          -0.0027313195,
          0,
          -0.0019313343,
          0.7071069,
          -0.7071041,
          0,
          0.0019313347,
          0.7071067,
          0.70710427,
          0,
          0.046244055,
          78.5069,
          76.53082,
          1
        ]
      },
      {
        "date" : 721323037.302924,
        "title" : "Untitled",
        "transform" : [
          0.99999624,
          1.0132838e-11,
          -0.0027313195,
          0,
          -0.0019313343,
          0.7071069,
          -0.7071041,
          0,
          0.0019313347,
          0.7071067,
          0.70710427,
          0,
          0.0009250073,
          1.570138,
          1.5306164,
          1
        ]
      },
      {
        "date" : 721323027.378085,
        "title" : "Untitled",
        "transform" : [
          0.99999624,
          0,
          -0.0027313197,
          0,
          -0.0019313345,
          0.7071069,
          -0.707104,
          0,
          0.001931335,
          0.7071067,
          0.7071042,
          0,
          -0.0041858144,
          0.14111969,
          0.26662564,
          1
        ]
      },
      {
        "date" : 721322808.744681,
        "title" : "Untitled",
        "transform" : [
          1,
          0,
          -0,
          0,
          -0,
          0.7071069,
          -0.7071067,
          0,
          0,
          0.7071067,
          0.7071069,
          0,
          -0.00026144748,
          0.15708713,
          0.1529897,
          1
        ]
      },
      {
        "date" : 721322803.502385,
        "title" : "Untitled",
        "transform" : [
          1,
          0,
          -0,
          0,
          -0,
          0.7071069,
          -0.7071067,
          0,
          0,
          0.7071067,
          0.7071069,
          0,
          -2.6143086e-06,
          0.0015708716,
          0.001529897,
          1
        ]
      },
      {
        "date" : 721322801.314423,
        "title" : "Untitled",
        "transform" : [
          1,
          0,
          -0,
          0,
          -0,
          0.7071069,
          -0.7071067,
          0,
          0,
          0.7071067,
          0.7071069,
          0,
          -2.6143086e-06,
          0.0015708716,
          0.0015298969,
          1
        ]
      },
      {
        "date" : 721322796.598914,
        "title" : "Untitled",
        "transform" : [
          1,
          0,
          -0,
          0,
          -0,
          0.7071069,
          -0.7071067,
          0,
          0,
          0.7071067,
          0.7071069,
          0,
          -2.6412308e-06,
          0.00157094,
          0.0015296936,
          1
        ]
      }
    ],
    "FA94D395-773C-4B99-9D9C-9D2E708C7F7C" : [
      {
        "date" : 721264355.529017,
        "title" : "Untitled",
        "transform" : [
          1,
          0,
          -0,
          0,
          -0,
          0.8660254,
          -0.5,
          0,
          0,
          0.5,
          0.8660254,
          0,
          0,
          0.19749238,
          0.34206682,
          1
        ]
      }
    ],
    "FB587443-6A53-45E7-9D66-CA643BAB1717" : [
      {
        "date" : 721868788.478496,
        "title" : "Untitled",
        "transform" : [
          0.9934971,
          -3.4450642e-09,
          -0.11385772,
          0,
          -0.03311039,
          0.95678234,
          -0.2889139,
          0,
          0.108937055,
          0.29080498,
          0.95056045,
          0,
          0.07797051,
          0.40535423,
          0.63679487,
          1
        ]
      },
      {
        "date" : 721868776.011553,
        "title" : "Untitled",
        "transform" : [
          0.9934971,
          -2.0085196e-09,
          -0.113857724,
          0,
          -0.03311039,
          0.95678234,
          -0.2889139,
          0,
          0.10893706,
          0.29080498,
          0.9505604,
          0,
          0.048842147,
          0.44278675,
          1.1434941,
          1
        ]
      },
      {
        "date" : 721856743.751994,
        "title" : "Untitled",
        "transform" : [
          0.9934971,
          -2.0085196e-09,
          -0.113857724,
          0,
          -0.03311039,
          0.95678234,
          -0.2889139,
          0,
          0.10893706,
          0.29080498,
          0.9505604,
          0,
          0.02355346,
          0.6215087,
          1.0917157,
          1
        ]
      },
      {
        "date" : 721843318.854477,
        "title" : "Untitled",
        "transform" : [
          0.9934971,
          -2.0085196e-09,
          -0.113857724,
          0,
          -0.03311039,
          0.95678234,
          -0.2889139,
          0,
          0.10893706,
          0.29080498,
          0.9505604,
          0,
          0.11428228,
          0.43938425,
          1.1370351,
          1
        ]
      },
      {
        "date" : 721755056.656411,
        "title" : "Untitled",
        "transform" : [
          0.99183786,
          -2.0085196e-09,
          0.12750539,
          0,
          0.037079208,
          0.95678234,
          -0.2884314,
          0,
          -0.12199491,
          0.29080498,
          0.94897294,
          0,
          -0.0019351617,
          0.42244953,
          0.7103884,
          1
        ]
      },
      {
        "date" : 721754934.944021,
        "title" : "Untitled",
        "transform" : [
          0.99183786,
          -2.0085196e-09,
          0.12750539,
          0,
          0.037079208,
          0.95678234,
          -0.2884314,
          0,
          -0.12199491,
          0.29080498,
          0.94897294,
          0,
          0.11830302,
          0.48416185,
          0.70693445,
          1
        ]
      },
      {
        "date" : 721754930.835454,
        "title" : "Untitled",
        "transform" : [
          0.983379,
          1.6443744e-14,
          0.18156485,
          0,
          1.2694231e-05,
          0.99999994,
          -6.8753616e-05,
          0,
          -0.18156485,
          6.99157e-05,
          0.983379,
          0,
          0.06737665,
          0.2697522,
          0.77845734,
          1
        ]
      },
      {
        "date" : 721754823.652955,
        "title" : "Untitled",
        "transform" : [
          0.9997231,
          1.6443744e-14,
          0.023532983,
          0,
          1.6453247e-06,
          0.99999994,
          -6.989633e-05,
          0,
          -0.023532981,
          6.9915695e-05,
          0.999723,
          0,
          0.03396976,
          0.17229679,
          0.1351849,
          1
        ]
      },
      {
        "date" : 721754804.819223,
        "title" : "Untitled",
        "transform" : [
          -0.08082724,
          9.3864895e-11,
          0.99672806,
          0,
          -0.014881794,
          0.9998885,
          -0.001206803,
          0,
          -0.996617,
          -0.014930647,
          -0.080818236,
          0,
          -0.1382278,
          0.1702602,
          0.025309578,
          1
        ]
      },
      {
        "date" : 721754791.780042,
        "title" : "Untitled",
        "transform" : [
          0.9826211,
          5.4202476e-11,
          0.18562306,
          0,
          0.0018692336,
          0.9999493,
          -0.009895043,
          0,
          -0.18561366,
          0.010070051,
          0.98257124,
          0,
          0.0042990465,
          0.17365244,
          0.14518064,
          1
        ]
      }
    ]
  },
  "selectedSceneRelativePath" : "Particle.usda"
}